UNKNOWN
version=1
nRows=353
nColumns=9
inDegrees=no
endheader
time	time	pelvis_tilt	hip_flexion_r	knee_angle_r	ankle_angle_r	hip_flexion_l	knee_angle_l	ankle_angle_l
      0.00000000	      4.37000000	     11.33607602	     20.51665623	    -65.30556550	    -36.12707597	     20.63902113	    -22.45783510	      0.79886307
      1.00000000	      4.38000000	     11.73966440	     21.25665277	    -66.58765701	    -34.15805712	     19.97319150	    -22.06858666	      0.99576799
      2.00000000	      4.39000000	     12.18204209	     22.25421978	    -68.18128491	    -31.56299438	     19.02768834	    -21.56218904	      1.21799617
      3.00000000	      4.40000000	     12.60783890	     23.46018855	    -69.82568620	    -28.74324543	     17.95039630	    -20.99856491	      1.48223044
      4.00000000	      4.41000000	     13.31607131	     25.60724522	    -72.08799965	    -25.66108751	     16.66291526	    -20.51192429	      3.35637895
      5.00000000	      4.42000000	     13.80394660	     26.92507720	    -72.99141905	    -23.39838157	     15.59618434	    -19.61851491	      3.36958588
      6.00000000	      4.43000000	     14.23145252	     28.14285974	    -73.46115196	    -21.39816580	     14.33638003	    -18.49258388	      3.44988982
      7.00000000	      4.44000000	     14.51944793	     29.13173889	    -73.76892188	    -19.34803315	     12.12819873	    -16.81723969	      3.95952669
      8.00000000	      4.45000000	     14.93683253	     30.35653742	    -73.71854370	    -17.91910609	     11.01675153	    -15.70133526	      3.96433950
      9.00000000	      4.46000000	     15.27576445	     31.38530311	    -73.54619318	    -16.30248896	      9.76004779	    -14.73336605	      3.98834412
     10.00000000	      4.47000000	     15.62288557	     32.29719245	    -73.19869402	    -14.85420480	      8.53843201	    -13.98898724	      4.01596485
     11.00000000	      4.48000000	     16.02751627	     33.13029322	    -72.62923720	    -13.34604907	      7.42786770	    -13.50410575	      4.04347920
     12.00000000	      4.49000000	     16.58090209	     33.87077523	    -71.82123211	    -11.47765012	      6.70451078	    -13.77051263	      4.20672350
     13.00000000	      4.50000000	     16.93787353	     34.18085971	    -70.48694133	     -9.74472143	      5.68780521	    -14.05758972	      4.38299742
     14.00000000	      4.51000000	     17.01041164	     34.25338520	    -68.26169188	     -8.24060905	      4.84084260	    -14.35239706	      4.71085794
     15.00000000	      4.52000000	     17.15109469	     34.05362313	    -65.91096490	     -7.21820176	      3.74771619	    -14.92265755	      4.99387653
     16.00000000	      4.53000000	     15.99625010	     32.43135981	    -61.96374557	     -6.19706278	      2.18270471	    -15.19160526	      5.35999713
     17.00000000	      4.54000000	     16.56773399	     32.30671821	    -59.27720170	     -5.75897854	      1.20093594	    -15.92123922	      5.41538838
     18.00000000	      4.55000000	     17.18552983	     32.67629914	    -56.36229132	     -4.76515495	     -0.08410078	    -15.51055933	      5.45232457
     19.00000000	      4.56000000	     15.92511027	     29.42703110	    -51.21234585	     -4.31031709	     -1.20189544	    -17.17977227	      6.02888617
     20.00000000	      4.57000000	     17.36421001	     30.12660618	    -48.35235879	     -4.09454185	     -2.12310517	    -17.41457875	      6.06185715
     21.00000000	      4.58000000	     18.34851013	     30.69693487	    -44.86815802	     -3.42388553	     -3.13826159	    -17.11052029	      6.10372887
     22.00000000	      4.59000000	     19.46874867	     31.18839041	    -41.21582073	     -2.93540851	     -4.08617901	    -16.97269519	      6.18864813
     23.00000000	      4.60000000	     20.69051157	     31.70488967	    -37.37734289	     -2.55551723	     -4.89437100	    -16.92998159	      6.32702924
     24.00000000	      4.61000000	     21.84482988	     32.24818246	    -33.33158940	     -2.47362917	     -5.73802473	    -16.69397300	      6.33399130
     25.00000000	      4.62000000	     23.44344140	     32.55404835	    -29.40726109	     -2.03731958	     -6.57793638	    -17.05294051	      6.71048672
     26.00000000	      4.63000000	     24.24063023	     33.05873290	    -25.01785150	     -1.98317872	     -7.15109468	    -16.71845170	      6.77318634
     27.00000000	      4.64000000	     25.10917252	     33.24347496	    -20.84172180	     -1.95492312	     -7.96414920	    -16.60803489	      6.86377668
     28.00000000	      4.65000000	     25.92366338	     33.42805542	    -16.97624644	     -1.81330684	     -8.74509351	    -16.60944343	      6.95959068
     29.00000000	      4.66000000	     26.75079379	     33.75058799	    -13.62723599	     -1.73308326	     -9.44468029	    -16.73959265	      6.96624105
     30.00000000	      4.67000000	     27.18842704	     33.78920280	    -10.65682318	     -1.16714329	    -10.23150177	    -16.87861283	      7.04951712
     31.00000000	      4.68000000	     27.74856756	     34.08904467	     -8.52263565	     -1.10652700	    -10.90388167	    -17.21988086	      7.05596071
     32.00000000	      4.69000000	     28.06127898	     34.00657897	     -7.08439430	     -0.36571182	    -11.84853389	    -17.67866076	      7.13613114
     33.00000000	      4.70000000	     28.29851187	     34.05070574	     -6.50024832	     -1.38754706	    -12.69722341	    -18.29448289	      7.27552900
     34.00000000	      4.71000000	     28.29654648	     34.31259790	     -6.74831047	     -1.39485682	    -13.24387710	    -19.05133407	      7.27829076
     35.00000000	      4.72000000	     28.12265317	     34.36687222	     -7.73050573	     -2.86186770	    -13.85115776	    -20.03453774	      7.28610352
     36.00000000	      4.73000000	     27.13921560	     33.52733419	     -8.93084619	     -4.71131692	    -14.75360692	    -21.01500816	      7.17633105
     37.00000000	      4.74000000	     26.92236249	     33.58431456	    -11.09705340	     -7.40897409	    -15.17627869	    -22.47350934	      7.20446464
     38.00000000	      4.75000000	     26.43561162	     33.59756861	    -13.34278409	    -10.41986825	    -15.31312278	    -24.07713779	      7.09366921
     39.00000000	      4.76000000	     25.92939494	     33.55786181	    -15.65856391	    -13.15964927	    -15.21519100	    -26.00768679	      6.80268949
     40.00000000	      4.77000000	     25.40950680	     33.53285770	    -18.03183315	    -15.25689641	    -14.76192230	    -28.34649734	      6.23900094
     41.00000000	      4.78000000	     24.95718240	     33.67842811	    -20.53275913	    -16.39935313	    -13.72328256	    -31.26541794	      4.90131734
     42.00000000	      4.79000000	     24.65476497	     33.90156534	    -23.15334317	    -16.21634223	    -11.87255625	    -35.10201292	      0.18090487
     43.00000000	      4.80000000	     23.58654317	     33.67907189	    -25.55545946	    -15.08413395	    -10.17532556	    -38.82656141	     -0.44474125
     44.00000000	      4.81000000	     22.37740009	     33.46264987	    -27.80109389	    -13.54797067	     -8.00788089	    -43.02113579	     -1.64248596
     45.00000000	      4.82000000	     19.95350563	     33.41673079	    -29.02774249	    -12.70732147	     -4.85086930	    -46.98382093	    -10.58072566
     46.00000000	      4.83000000	     18.22943700	     32.84401884	    -30.33958224	    -11.33011114	     -2.45513790	    -51.22856679	    -11.14397006
     47.00000000	      4.84000000	     14.79759076	     31.46273357	    -29.87661922	     -9.74548219	     -0.89908935	    -53.60410075	    -19.30164706
     48.00000000	      4.85000000	     12.71982103	     30.25182028	    -29.75723840	     -9.29248562	      0.38079118	    -56.19079657	    -20.76888024
     49.00000000	      4.86000000	     10.29799647	     27.73175126	    -28.70404996	     -8.35459498	      0.31461173	    -57.73669069	    -23.21821837
     50.00000000	      4.87000000	      9.22063236	     25.29009237	    -28.47529878	     -7.50657166	     -0.35271990	    -59.40375751	    -26.09033765
     51.00000000	      4.88000000	      8.88218223	     23.68906399	    -28.64406968	     -7.43893175	      0.28394084	    -61.75228893	    -24.63963835
     52.00000000	      4.89000000	      8.21260051	     22.26781345	    -28.08786378	     -6.52133276	      1.92173686	    -63.91207665	    -24.35285784
     53.00000000	      4.90000000	      7.59789808	     20.67766464	    -27.53374102	     -5.90291200	      3.51292234	    -65.94364816	    -20.23734399
     54.00000000	      4.91000000	      6.98374718	     19.17471078	    -26.92052213	     -5.74902281	      5.19734663	    -67.68128515	    -20.14994882
     55.00000000	      4.92000000	      6.19729740	     17.56582738	    -26.02097573	     -4.78154765	      6.91621114	    -68.99392970	    -14.77826254
     56.00000000	      4.93000000	      5.45039738	     16.01528738	    -25.22110163	     -4.62761773	      8.56368877	    -70.04467180	    -14.70050558
     57.00000000	      4.94000000	      4.71572991	     14.23280101	    -23.96007603	     -3.19122277	      9.80150554	    -70.23431349	    -13.71567457
     58.00000000	      4.95000000	      4.00966689	     12.69063100	    -23.01700780	     -3.18921594	     11.34710771	    -70.59581684	    -13.60094193
     59.00000000	      4.96000000	      3.51240539	     10.45271153	    -21.53669954	     -2.64453922	     11.77269844	    -69.85430563	    -11.50423805
     60.00000000	      4.97000000	      2.95893286	      9.08097355	    -20.73830039	     -2.68219911	     13.27659120	    -69.71426271	    -11.37551861
     61.00000000	      4.98000000	      2.40746985	      7.50955485	    -19.88018484	     -3.29333382	     14.55114466	    -69.20523633	     -5.72548165
     62.00000000	      4.99000000	      1.52271396	      6.32573758	    -19.64330517	     -2.76080836	     16.08661286	    -68.92594173	     -5.46690022
     63.00000000	      5.00000000	      0.28575129	      5.97503360	    -19.66740690	     -2.64526362	     18.82518944	    -68.85023105	     -4.02091052
     64.00000000	      5.01000000	     -0.46786984	      4.90500275	    -19.19075474	     -2.63546405	     20.15427276	    -67.50195845	     -3.97008884
     65.00000000	      5.02000000	     -2.64604515	      5.24038703	    -19.37642766	     -2.34868174	     24.26688315	    -67.46600584	     -2.08385324
     66.00000000	      5.03000000	     -4.52122614	      5.32627569	    -18.87429199	     -2.12711175	     28.07507910	    -66.47995013	     -0.06246990
     67.00000000	      5.04000000	     -5.45014874	      4.25647264	    -18.26654477	     -2.11726016	     29.12887116	    -64.08376808	     -0.03636127
     68.00000000	      5.05000000	     -7.97868690	      4.63028429	    -18.21311522	     -1.77036602	     32.89928831	    -62.82719217	      1.12964405
     69.00000000	      5.06000000	     -9.58135243	      5.26656096	    -17.34638338	     -1.53933376	     36.74981763	    -60.51103059	      2.52601669
     70.00000000	      5.07000000	    -10.52598990	      4.24592337	    -16.66502915	     -1.53191102	     37.52023173	    -57.20259517	      2.53645478
     71.00000000	      5.08000000	    -11.58462088	      3.28846725	    -16.06943073	     -1.23446901	     38.23466681	    -53.67799984	      2.73627585
     72.00000000	      5.09000000	    -12.56854054	      2.35755767	    -15.41758647	     -1.22582547	     38.85406871	    -49.82827671	      2.75997659
     73.00000000	      5.10000000	    -13.48005009	      1.39905913	    -14.63988741	     -0.83206151	     39.40830066	    -45.67225893	      3.12619962
     74.00000000	      5.11000000	    -14.50571781	      0.55530170	    -14.10367417	     -0.82788195	     39.85140498	    -41.41491895	      3.15942656
     75.00000000	      5.12000000	    -15.92400310	     -0.28989085	    -13.13929032	     -0.83452723	     41.14808826	    -37.30322581	      4.60307587
     76.00000000	      5.13000000	    -16.62822154	     -0.87943393	    -12.82106114	     -0.24298138	     41.32804198	    -32.76413202	      4.77988233
     77.00000000	      5.14000000	    -17.36889765	     -1.59443685	    -12.49653996	     -0.17187356	     41.45581809	    -28.35163959	      5.64660389
     78.00000000	      5.15000000	    -17.80040962	     -1.94159018	    -12.53487484	      0.20209939	     41.41209017	    -24.00706166	      5.73045639
     79.00000000	      5.16000000	    -18.00922050	     -2.45553090	    -12.65618276	      0.54448148	     40.99013310	    -19.88258278	      5.78777612
     80.00000000	      5.17000000	    -17.81802222	     -3.10014638	    -12.68646844	      0.83394522	     40.31046915	    -16.06875960	      5.72828583
     81.00000000	      5.18000000	    -18.15925659	     -3.32526645	    -13.39416388	      0.81586491	     40.08105575	    -13.30451562	      5.72433936
     82.00000000	      5.19000000	    -17.03768758	     -4.72283087	    -13.22081959	      1.14741539	     38.41524992	    -10.56958626	      5.11847854
     83.00000000	      5.20000000	    -17.09568350	     -4.94835555	    -14.16320077	      1.15718976	     38.28019507	     -9.59552957	      5.10480089
     84.00000000	      5.21000000	    -17.02951951	     -5.17877525	    -15.26345126	      1.16560398	     38.20304937	     -9.57784312	      5.09134271
     85.00000000	      5.22000000	    -16.85256819	     -5.38559098	    -16.56125563	      1.16174978	     38.15599891	    -10.38656553	      5.07557978
     86.00000000	      5.23000000	    -16.78853344	     -5.79165167	    -18.21265574	      1.01903168	     37.81452545	    -11.85770223	      4.88241591
     87.00000000	      5.24000000	    -16.41241403	     -5.81221784	    -19.95051065	      0.94400589	     37.74349222	    -13.53377822	      4.85081789
     88.00000000	      5.25000000	    -16.12956094	     -5.67777108	    -22.17910201	     -0.48222990	     37.44150608	    -15.27324993	      4.30192811
     89.00000000	      5.26000000	    -15.19787073	     -5.27227562	    -24.95902013	     -1.29806255	     36.18824402	    -16.44070652	      1.67068457
     90.00000000	      5.27000000	    -14.32495281	     -4.45658480	    -27.59727879	     -2.98645273	     35.89267651	    -17.69939324	      1.27191120
     91.00000000	      5.28000000	    -13.42687490	     -3.32818349	    -30.73936500	     -5.54849600	     35.49739249	    -19.03095288	      0.63996761
     92.00000000	      5.29000000	    -10.71408935	     -1.57007778	    -34.27405816	     -8.29673980	     33.73819411	    -19.50487355	     -2.48484523
     93.00000000	      5.30000000	     -9.38939116	      0.06397061	    -37.96253441	    -11.83997277	     33.53452157	    -21.30158097	     -2.58531927
     94.00000000	      5.31000000	     -6.20121348	      1.85685592	    -41.42671797	    -16.17331857	     32.14053866	    -22.13300760	     -2.76204176
     95.00000000	      5.32000000	     -3.85280702	      3.38623685	    -45.16197570	    -20.96856792	     30.86657194	    -23.47932232	     -2.46874994
     96.00000000	      5.33000000	     -1.01393831	      4.58833782	    -48.35692349	    -25.90905502	     29.08731187	    -24.12633217	     -1.87535964
     97.00000000	      5.34000000	      2.84375928	      5.46797871	    -51.03632197	    -29.55655607	     25.59713343	    -23.20767271	     -0.94062791
     98.00000000	      5.35000000	      4.45206473	      7.85882536	    -56.78301928	    -33.05513493	     19.10137451	    -22.73898714	      0.53045047
     99.00000000	      5.36000000	      7.30890650	      8.69990504	    -58.45012731	    -34.34415423	     15.80491277	    -20.70086481	      0.96705656
    100.00000000	      5.37000000	      8.17306867	     14.94052111	    -65.08134002	    -33.78220826	     12.49299510	    -20.82230416	      2.68392460
    101.00000000	      5.38000000	     10.92513994	     20.92250299	    -69.16853858	    -31.43638449	     12.66770701	    -20.24773486	      3.59676543
    102.00000000	      5.39000000	     12.06711128	     22.27296239	    -70.62314921	    -29.01469037	     11.75992382	    -18.86061006	      3.65271882
    103.00000000	      5.40000000	     12.71895071	     23.46395574	    -72.06233380	    -26.23139991	     10.71702954	    -17.63133091	      3.74686601
    104.00000000	      5.41000000	     13.17987754	     24.69398948	    -73.37537362	    -23.73566413	      9.80937382	    -16.59399384	      3.86935372
    105.00000000	      5.42000000	     13.60182731	     25.99224570	    -74.40397884	    -21.53275155	      9.01552657	    -15.62311758	      4.03209789
    106.00000000	      5.43000000	     14.94354438	     28.97582268	    -75.90418956	    -18.11914497	      9.30880779	    -15.02517320	      5.11711876
    107.00000000	      5.44000000	     15.35036024	     30.15435758	    -76.17955345	    -16.67676853	      8.61243690	    -14.07690137	      4.86794707
    108.00000000	      5.45000000	     15.61630845	     31.14683628	    -76.00118093	    -15.97303445	      7.75529086	    -12.98986329	      4.83075046
    109.00000000	      5.46000000	     15.78196373	     31.96247745	    -75.63034330	    -14.67485146	      6.83023063	    -12.10848137	      4.82118137
    110.00000000	      5.47000000	     15.55072249	     32.06775580	    -74.48520423	    -12.86703728	      5.69237055	    -11.33327216	      4.79319588
    111.00000000	      5.48000000	     15.75834020	     32.84896848	    -73.75197977	    -11.59086670	      4.81772428	    -10.85271615	      4.76159136
    112.00000000	      5.49000000	     15.96338285	     33.17403333	    -72.78468046	     -9.81180378	      3.89967735	    -11.12506734	      4.73193373
    113.00000000	      5.50000000	     15.68266141	     33.09614182	    -70.71054108	     -8.50308844	      2.78098917	    -10.86327752	      4.86283780
    114.00000000	      5.51000000	     16.00398328	     33.71749858	    -69.18538457	     -6.92331711	      1.79657333	    -10.61874836	      4.90079116
    115.00000000	      5.52000000	     15.14799270	     32.52839871	    -66.23377929	     -5.79534892	     -0.14345230	    -10.65549170	      5.61139710
    116.00000000	      5.53000000	     15.57844693	     33.06260359	    -64.07147311	     -5.01072020	     -1.17319327	    -10.40793395	      5.64733753
    117.00000000	      5.54000000	     16.37954952	     33.48448792	    -61.74253155	     -4.07185753	     -2.10811619	    -10.74531466	      5.75769632
    118.00000000	      5.55000000	     15.10156477	     31.25791195	    -57.28208635	     -4.69758619	     -4.57027625	    -10.77076514	      6.73513097
    119.00000000	      5.56000000	     15.86614775	     31.61707373	    -54.33751034	     -4.02939342	     -5.64167814	    -10.63183739	      6.73930753
    120.00000000	      5.57000000	     15.29121050	     29.33674057	    -49.39739828	     -4.57157379	     -7.57607219	    -11.32311999	      7.33545156
    121.00000000	      5.58000000	     16.34668257	     29.54523820	    -46.03381888	     -3.85755492	     -8.68802723	    -11.31639593	      7.34525448
    122.00000000	      5.59000000	     18.30463171	     29.98334011	    -42.38601570	     -3.48818255	     -8.86965055	    -12.48075363	      7.54618588
    123.00000000	      5.60000000	     19.24631907	     29.25954234	    -37.39133803	     -2.95875886	     -8.97802117	    -13.65703545	      8.17203286
    124.00000000	      5.61000000	     20.40619596	     29.76435399	    -33.29736682	     -2.92702317	     -9.79833292	    -13.31079527	      8.17410341
    125.00000000	      5.62000000	     21.64338398	     29.74267961	    -29.00405719	     -4.09323832	    -10.78459046	    -13.29913664	      8.22369660
    126.00000000	      5.63000000	     24.44455416	     30.92590406	    -25.28004938	     -3.64785183	    -10.20345932	    -14.85744712	      8.65121005
    127.00000000	      5.64000000	     25.22863544	     31.23687417	    -21.04109906	     -3.49407244	    -10.85947509	    -14.52896773	      8.71387362
    128.00000000	      5.65000000	     27.29756496	     32.86790653	    -17.70503076	     -3.62811245	    -10.18905534	    -15.44533797	      9.24749928
    129.00000000	      5.66000000	     28.39044283	     33.20598021	    -14.58398578	     -3.40944076	    -10.98833444	    -15.61135995	      9.28982328
    130.00000000	      5.67000000	     29.00292642	     33.47826480	    -11.83747464	     -3.33698540	    -11.70050360	    -15.66859989	      9.29611637
    131.00000000	      5.68000000	     29.66888350	     33.67391272	     -9.78663676	     -2.56710292	    -12.37911180	    -16.08924070	      9.41204904
    132.00000000	      5.69000000	     29.98750718	     33.91338300	     -8.42985375	     -2.53604943	    -13.05522824	    -16.38109075	      9.41964501
    133.00000000	      5.70000000	     30.41496061	     34.05975948	     -7.95510239	     -1.87113836	    -13.74390165	    -17.10603023	      9.55056737
    134.00000000	      5.71000000	     30.37043398	     34.23514946	     -8.16206183	     -1.90281664	    -14.30644032	    -17.74110600	      9.55743370
    135.00000000	      5.72000000	     29.69809278	     33.96385713	     -8.66759977	     -2.24534411	    -14.51508909	    -18.73858803	     10.05068169
    136.00000000	      5.73000000	     29.44009625	     34.03871521	    -10.20926589	     -3.43813480	    -14.92826568	    -19.86415182	     10.12273305
    137.00000000	      5.74000000	     28.91790449	     33.98281270	    -12.00915505	     -5.38622757	    -15.19783813	    -21.15123443	     10.14574185
    138.00000000	      5.75000000	     28.29166800	     33.76258938	    -13.80759951	     -7.86746599	    -15.29926525	    -22.71773222	     10.09610605
    139.00000000	      5.76000000	     27.64279973	     33.48513566	    -15.55035187	    -10.64394439	    -15.19508207	    -24.56203815	      9.93393234
    140.00000000	      5.77000000	     27.00841270	     33.19457734	    -17.23146998	    -13.23310457	    -14.80623931	    -26.74706480	      9.60835926
    141.00000000	      5.78000000	     26.37725469	     32.96181492	    -18.96032009	    -15.28248457	    -14.03474706	    -29.32406732	      8.95577385
    142.00000000	      5.79000000	     25.66065894	     32.99425365	    -20.82511440	    -15.87663201	    -12.60124909	    -32.34151875	      7.25612778
    143.00000000	      5.80000000	     24.94230166	     32.41938881	    -22.92134444	    -15.88372394	    -11.51080307	    -35.77006556	      7.16390247
    144.00000000	      5.81000000	     23.66606768	     32.94813228	    -24.83858511	    -15.20841766	     -8.56581158	    -39.65426473	     -0.15946196
    145.00000000	      5.82000000	     22.34602006	     32.57671866	    -26.80692402	    -13.57424025	     -6.52487194	    -43.71745593	     -0.66988877
    146.00000000	      5.83000000	     19.55017361	     32.14496714	    -27.67329570	    -12.29420103	     -4.20562682	    -46.96218261	     -6.78002823
    147.00000000	      5.84000000	     17.79214559	     31.58906659	    -28.85785685	    -10.82244756	     -1.97385147	    -51.02538216	     -7.43712588
    148.00000000	      5.85000000	     14.17488191	     29.48896366	    -28.13706967	     -9.94920134	     -1.66887193	    -52.75550407	    -14.07242437
    149.00000000	      5.86000000	     11.75812898	     27.40304708	    -27.73532373	     -8.84739055	     -1.59277679	    -54.78650005	    -20.09569208
    150.00000000	      5.87000000	     10.37264201	     26.29327707	    -27.54952477	     -8.06019380	      0.15459476	    -57.72412235	    -20.48801766
    151.00000000	      5.88000000	      8.32510025	     22.95174202	    -26.45095963	     -7.62717101	     -1.39637499	    -58.58913862	    -25.05573157
    152.00000000	      5.89000000	      8.06785427	     21.17520913	    -27.01106576	     -6.62231825	     -1.24799459	    -61.14749512	    -26.88097172
    153.00000000	      5.90000000	      7.07142083	     19.22003465	    -26.14233568	     -5.43682502	     -0.33839307	    -63.01730929	    -26.69744529
    154.00000000	      5.91000000	      6.47301002	     17.77363080	    -25.45192184	     -5.40728669	      1.27136601	    -65.07082954	    -26.64969309
    155.00000000	      5.92000000	      5.62376704	     15.57790339	    -24.18674464	     -4.87528935	      2.00808640	    -66.23576619	    -21.91405660
    156.00000000	      5.93000000	      5.12266778	     14.05989102	    -23.26937218	     -4.70606028	      3.59057509	    -67.64164103	    -21.83266799
    157.00000000	      5.94000000	      4.34979106	     11.36286940	    -21.76022031	     -3.85807434	      3.74214661	    -67.98500409	    -17.12101833
    158.00000000	      5.95000000	      3.92108639	      9.84689025	    -20.69188755	     -3.72514955	      5.27344735	    -68.67340520	    -17.05311120
    159.00000000	      5.96000000	      3.44686527	      7.35549797	    -19.13866394	     -2.33045746	      5.33573992	    -68.21218114	    -15.24476137
    160.00000000	      5.97000000	      2.94418779	      4.71805641	    -17.94371018	     -3.33973752	      4.79405790	    -67.57006954	    -12.23315533
    161.00000000	      5.98000000	      2.40525373	      3.17656459	    -17.38562870	     -1.72347348	      5.59950470	    -67.47380067	    -11.25649630
    162.00000000	      5.99000000	      1.94905249	      1.45043530	    -16.61067043	     -2.86714519	      5.99119236	    -66.74560561	    -10.01213019
    163.00000000	      6.00000000	      1.52678508	      0.35000198	    -16.00317017	     -2.73235664	      7.37688605	    -66.08951197	     -9.97434702
    164.00000000	      6.01000000	      1.05019725	     -0.64219490	    -15.55084144	     -2.59373103	      8.73705591	    -65.13663185	     -9.90946386
    165.00000000	      6.02000000	      0.57199047	     -0.85255934	    -15.44854861	     -1.26983029	     10.96427428	    -64.14853337	     -8.97118312
    166.00000000	      6.03000000	     -0.79178954	     -1.06911392	    -15.73238932	     -1.46462078	     13.89592274	    -63.65748426	     -6.89368258
    167.00000000	      6.04000000	     -1.95924311	     -1.58353425	    -15.70089424	     -0.33437179	     16.21087987	    -62.27924655	     -5.70365450
    168.00000000	      6.05000000	     -3.23370534	     -1.35447138	    -15.53349332	     -0.82333570	     19.92872728	    -60.86898416	     -3.99918700
    169.00000000	      6.06000000	     -4.09168664	     -2.14075368	    -15.34479945	     -0.76922645	     20.91546779	    -58.14821241	     -3.96540156
    170.00000000	      6.07000000	     -6.56035575	     -1.50442078	    -15.33474373	     -0.23148860	     25.89531518	    -56.90595165	     -2.37715173
    171.00000000	      6.08000000	     -7.49895044	     -2.24938644	    -15.08499628	     -0.18874211	     26.68271663	    -53.53844149	     -2.34882707
    172.00000000	      6.09000000	     -9.96411015	     -1.51895992	    -14.64785048	      0.45820484	     31.53537079	    -51.40327753	     -0.88651070
    173.00000000	      6.10000000	    -10.96399321	     -2.19130500	    -14.36709294	      0.46943251	     32.12336065	    -47.45981640	     -0.86483170
    174.00000000	      6.11000000	    -12.82742834	     -1.47701683	    -13.81178632	      0.95288282	     35.65052226	    -44.11723913	      0.21301137
    175.00000000	      6.12000000	    -13.57319408	     -1.56173370	    -13.36883702	      0.96973754	     36.57461568	    -39.60187109	      0.39494398
    176.00000000	      6.13000000	    -14.79778941	     -2.15469163	    -13.05182589	      1.26298822	     37.03691817	    -35.13846156	      0.68457728
    177.00000000	      6.14000000	    -15.87114781	     -2.71632591	    -12.83266493	      1.25008961	     37.21297935	    -30.52319095	      0.70201138
    178.00000000	      6.15000000	    -16.35160519	     -3.06930957	    -12.38529758	      1.50685100	     37.38795122	    -25.66726347	      0.88588682
    179.00000000	      6.16000000	    -17.17692895	     -3.70811941	    -12.20435406	      1.79705354	     37.33285107	    -21.20957034	      1.13192481
    180.00000000	      6.17000000	    -17.52534441	     -3.81151687	    -12.23114952	      1.95541758	     37.43325205	    -16.94904725	      1.28373094
    181.00000000	      6.18000000	    -18.07731424	     -4.25687878	    -12.71972411	      2.31589196	     37.05188027	    -13.38483693	      1.40963503
    182.00000000	      6.19000000	    -18.52035676	     -4.44537171	    -13.52825047	      2.29946780	     36.87589860	    -10.67750942	      1.41407621
    183.00000000	      6.20000000	    -18.73358546	     -4.58837146	    -14.60711508	      2.33536305	     36.69616861	     -8.93992461	      1.42312878
    184.00000000	      6.21000000	    -18.31305310	     -4.80846209	    -15.62852346	      3.22655711	     36.35728044	     -8.02440843	      1.55545350
    185.00000000	      6.22000000	    -18.17392022	     -4.93992368	    -17.08669193	      3.18122922	     36.33780689	     -8.42319372	      1.56537022
    186.00000000	      6.23000000	    -17.89491312	     -5.06655326	    -18.70792830	      3.13903057	     36.35717224	     -9.68040684	      1.57913589
    187.00000000	      6.24000000	    -17.83137758	     -5.26224899	    -20.61417731	      2.82863525	     36.38642714	    -11.66691858	      1.69859425
    188.00000000	      6.25000000	    -17.33914691	     -5.25042008	    -22.53204382	      2.76513916	     36.38448940	    -13.68876574	      1.70040972
    189.00000000	      6.26000000	    -16.27420556	     -4.57411682	    -24.74157219	      2.02602758	     36.32968113	    -15.35532930	      1.26449953
    190.00000000	      6.27000000	    -16.01940981	     -4.32385973	    -27.29574195	      0.81677107	     36.08416410	    -17.19713689	      1.03779102
    191.00000000	      6.28000000	    -15.40200980	     -3.44529311	    -30.09180678	     -1.22361472	     35.99982786	    -18.68997283	      0.52739327
    192.00000000	      6.29000000	    -14.64124671	     -2.21820672	    -33.29500405	     -3.80363354	     35.81999171	    -20.11392119	     -0.17316642
    193.00000000	      6.30000000	    -12.78137427	      0.01313925	    -37.18206641	     -6.83625191	     35.14074850	    -21.17266246	     -2.94072282
    194.00000000	      6.31000000	    -11.12059789	      1.83760533	    -40.71578273	    -10.11241675	     35.06540198	    -22.75908938	     -3.09490915
    195.00000000	      6.32000000	     -9.42320133	      3.53140355	    -44.40721937	    -14.67683194	     34.83513852	    -24.63303361	     -3.15611346
    196.00000000	      6.33000000	     -5.24429115	      4.96007981	    -47.19795988	    -19.13407629	     33.04094749	    -24.85439769	     -2.80826312
    197.00000000	      6.34000000	     -2.46551164	      6.64418577	    -50.48841389	    -23.90802048	     31.87326147	    -25.82273360	     -2.18764012
    198.00000000	      6.35000000	     -0.82764550	      7.97106994	    -53.48266392	    -28.02676133	     31.24333108	    -27.13350449	     -2.01306713
    199.00000000	      6.36000000	      2.75909713	      8.16093102	    -56.64872724	    -32.48436272	     25.10564540	    -25.66877407	      0.09950794
    200.00000000	      6.37000000	      5.73125959	      8.03006124	    -57.89180165	    -35.02916110	     21.35029278	    -23.89767333	      0.58234677
    201.00000000	      6.38000000	      6.43197394	     11.34536408	    -63.64289082	    -36.10191149	     14.89737774	    -23.10380117	      2.66151374
    202.00000000	      6.39000000	      8.17734275	     12.43552940	    -64.90477098	    -35.55150373	     12.28895428	    -21.12366845	      2.92555130
    203.00000000	      6.40000000	      9.80602748	     19.39332884	    -70.42105705	    -33.60148212	     11.81365498	    -21.42309094	      4.30710658
    204.00000000	      6.41000000	     10.76523317	     20.69818181	    -71.60424013	    -31.17305869	     10.90126810	    -20.21289188	      4.34416894
    205.00000000	      6.42000000	     11.40768100	     21.95338037	    -72.69882203	    -28.56215368	      9.97523582	    -19.12503468	      4.41215391
    206.00000000	      6.43000000	     12.84322018	     24.74690649	    -73.77346580	    -24.47474916	     10.35053572	    -18.12271087	      5.10401191
    207.00000000	      6.44000000	     13.35827196	     26.07973011	    -74.18447070	    -22.63209224	      9.51074943	    -16.92934681	      5.07209757
    208.00000000	      6.45000000	     13.95459553	     27.60844853	    -74.25442269	    -19.62055467	      8.81370883	    -15.65295098	      4.97375755
    209.00000000	      6.46000000	     14.28617818	     28.76415511	    -74.15724746	    -17.90491218	      7.88032650	    -14.62440143	      4.93980810
    210.00000000	      6.47000000	     14.51320315	     29.71709731	    -73.78264984	    -16.24509602	      6.80427608	    -13.63001464	      4.93117351
    211.00000000	      6.48000000	     14.76670844	     30.63618058	    -73.11919223	    -15.20934761	      5.86000865	    -12.75880772	      4.93446701
    212.00000000	      6.49000000	     15.03659458	     31.39479809	    -72.35918442	    -13.45484690	      4.91550099	    -12.22727352	      4.94324531
    213.00000000	      6.50000000	     15.30544680	     31.82099047	    -71.13078594	    -11.45989371	      4.16388209	    -12.19156549	      5.02697853
    214.00000000	      6.51000000	     15.39922201	     31.95366145	    -69.42158134	     -9.76550709	      3.21809124	    -12.12660232	      5.18781999
    215.00000000	      6.52000000	     15.88625750	     32.57068283	    -67.89841224	     -8.07873120	      2.32360083	    -11.97391600	      5.22552592
    216.00000000	      6.53000000	     16.51603184	     33.00948441	    -66.05010293	     -6.37966558	      1.54400087	    -12.27080329	      5.31085929
    217.00000000	      6.54000000	     15.53916519	     31.63595609	    -62.03868821	     -5.96058679	      0.20254320	    -12.33268873	      6.05422442
    218.00000000	      6.55000000	     16.18055751	     32.15645361	    -59.60902644	     -5.18303321	     -0.76818796	    -12.14122497	      6.07255662
    219.00000000	      6.56000000	     17.10001416	     32.48746769	    -57.00468973	     -4.39989922	     -1.64937049	    -12.52019939	      6.15257640
    220.00000000	      6.57000000	     16.58723006	     31.15407287	    -52.53364060	     -3.91930094	     -2.81001251	    -12.94606373	      6.68491584
    221.00000000	      6.58000000	     17.16453981	     31.17701889	    -49.20463041	     -3.91000546	     -4.18138548	    -12.55203981	      6.68209013
    222.00000000	      6.59000000	     18.24133139	     30.72042750	    -45.55923519	     -3.53306414	     -5.08817864	    -13.50525555	      6.88337407
    223.00000000	      6.60000000	     18.80142482	     31.15047787	    -41.54542554	     -3.22954387	     -5.86298729	    -12.90159888	      6.93198768
    224.00000000	      6.61000000	     19.54316854	     29.44709310	    -36.65018438	     -2.57386782	     -6.48561655	    -14.61924066	      7.67957686
    225.00000000	      6.62000000	     20.25813210	     29.78886115	    -32.35045585	     -2.47643348	     -7.26558498	    -14.11173575	      7.66857475
    226.00000000	      6.63000000	     21.42391838	     29.91432880	    -28.24043005	     -2.45115444	     -8.15557035	    -14.10162101	      7.72392593
    227.00000000	      6.64000000	     22.77982873	     30.33589566	    -24.18179402	     -2.34351862	     -8.62768160	    -14.34074049	      7.88713510
    228.00000000	      6.65000000	     24.81106428	     31.02431799	    -20.60458617	     -2.21340392	     -8.89443362	    -15.18212481	      8.22171018
    229.00000000	      6.66000000	     25.84956146	     31.43438404	    -16.85034487	     -2.13268830	     -9.58485797	    -15.10082536	      8.23061120
    230.00000000	      6.67000000	     26.95767606	     32.12492354	    -13.42847248	     -1.96162915	     -9.77880140	    -15.36179603	      8.44835638
    231.00000000	      6.68000000	     27.80353863	     32.48427711	    -10.53603527	     -1.89989758	    -10.50276172	    -15.39256431	      8.46052461
    232.00000000	      6.69000000	     30.17474141	     34.40996677	     -8.95891700	     -2.26988287	     -9.78346949	    -16.90315697	      9.23547240
    233.00000000	      6.70000000	     30.66585984	     34.73814999	     -7.38740072	     -2.15156864	    -10.54049982	    -17.05971429	      9.25238687
    234.00000000	      6.71000000	     31.08959940	     34.92758288	     -6.75294511	     -1.40904526	    -11.47009179	    -17.44798820	      9.38414880
    235.00000000	      6.72000000	     30.65474921	     35.06394223	     -6.52086716	     -1.47930125	    -11.90241264	    -17.82514939	     10.12206406
    236.00000000	      6.73000000	     30.50783579	     35.39861226	     -7.40231824	     -2.38756876	    -12.39122452	    -18.57339017	     10.19133434
    237.00000000	      6.74000000	     30.11133986	     35.51837958	     -8.86334115	     -4.00031438	    -12.86739954	    -19.56438439	     10.25656151
    238.00000000	      6.75000000	     29.47993631	     35.46503453	    -10.65955587	     -6.33814285	    -13.23391801	    -20.78835557	     10.30204624
    239.00000000	      6.76000000	     28.71159490	     35.27452796	    -12.59460700	     -9.09404232	    -13.46113478	    -22.26592066	     10.30084907
    240.00000000	      6.77000000	     27.89543573	     35.01231641	    -14.55718916	    -11.83387230	    -13.49963464	    -24.02833556	     10.21360007
    241.00000000	      6.78000000	     26.14679766	     33.84268564	    -15.88961928	    -14.32813451	    -13.45199119	    -25.89921338	      9.28568893
    242.00000000	      6.79000000	     25.72387135	     33.70334047	    -18.18240608	    -15.76062776	    -13.04586911	    -28.47706522	      9.08848631
    243.00000000	      6.80000000	     25.24527278	     33.88352780	    -20.60622263	    -16.15492268	    -11.99072428	    -31.42557242	      8.37154467
    244.00000000	      6.81000000	     24.96487564	     34.27553634	    -23.21935574	    -15.85414417	    -10.21630457	    -35.10137306	      5.10061362
    245.00000000	      6.82000000	     23.98431246	     34.00875428	    -25.53797982	    -14.26555108	     -8.64697724	    -38.73983062	      4.52348680
    246.00000000	      6.83000000	     22.81389455	     33.77684787	    -27.64535315	    -12.54738084	     -6.61588743	    -42.73828382	      3.42729540
    247.00000000	      6.84000000	     20.48606927	     33.55503471	    -28.75559074	    -11.11963566	     -3.81782330	    -46.50035790	     -4.89467439
    248.00000000	      6.85000000	     18.83073152	     32.98337423	    -29.98253358	     -9.68352459	     -1.55794958	    -50.65307493	     -5.46029529
    249.00000000	      6.86000000	     15.34404555	     31.10578963	    -29.37845791	     -8.79993729	     -0.67949974	    -52.86565667	    -11.35034914
    250.00000000	      6.87000000	     13.62554910	     30.25908878	    -29.58802443	     -7.84184097	      1.31562965	    -56.30608593	    -12.05787369
    251.00000000	      6.88000000	     11.00160282	     27.01228253	    -28.57658808	     -6.22312394	      0.04902340	    -57.59752812	    -21.66114014
    252.00000000	      6.89000000	      9.69611100	     25.85574004	    -28.14027947	     -6.25335536	      1.58291465	    -60.11840729	    -21.74335508
    253.00000000	      6.90000000	      8.34068277	     23.55449435	    -27.38673518	     -5.41884589	      1.36489550	    -61.57880322	    -22.12186190
    254.00000000	      6.91000000	      7.64904104	     22.20120109	    -27.00156301	     -5.38494039	      2.89878300	    -63.96263444	    -22.11577083
    255.00000000	      6.92000000	      6.65748589	     19.21754918	    -26.25968279	     -4.55169663	      1.66833181	    -64.77451895	    -19.31059140
    256.00000000	      6.93000000	      6.29847911	     17.61194235	    -26.29126076	     -3.81648023	      2.62604882	    -66.85752918	    -19.08395267
    257.00000000	      6.94000000	      5.71690111	     16.12996125	    -25.60568437	     -3.65338758	      4.08120079	    -68.30340089	    -19.02875828
    258.00000000	      6.95000000	      5.02956026	     14.12356722	    -24.16774039	     -2.12122458	      4.86491596	    -68.60069855	    -18.21359764
    259.00000000	      6.96000000	      4.52035374	     12.57906765	    -23.33105324	     -2.07020931	      6.27205262	    -69.41194145	    -18.06699832
    260.00000000	      6.97000000	      3.80698086	      9.23253422	    -21.58849197	     -1.20167826	      5.35103107	    -68.66366464	    -15.40309944
    261.00000000	      6.98000000	      3.65455176	      7.63700325	    -20.18007083	     -1.32114591	      6.49335721	    -68.25353488	    -14.85493570
    262.00000000	      6.99000000	      2.42949853	      3.51959430	    -19.87627351	     -1.94666085	      3.47131133	    -67.62497827	     -9.46420620
    263.00000000	      7.00000000	      2.06448480	      2.26289664	    -19.04741864	     -1.79138492	      4.86818131	    -67.32949625	     -9.49460868
    264.00000000	      7.01000000	      1.63881328	      0.56194369	    -18.22383209	     -0.66392160	      5.22912944	    -66.33527551	     -9.65670401
    265.00000000	      7.02000000	      1.18424246	     -0.47797822	    -17.64183806	     -0.71353188	      6.60720640	    -65.53076480	     -9.63358547
    266.00000000	      7.03000000	      0.85511804	     -1.00585572	    -17.20563391	     -0.96992964	      8.39865535	    -64.41166842	     -9.21439953
    267.00000000	      7.04000000	      0.17504044	     -1.89315177	    -16.91491701	     -0.93867433	      9.71630816	    -63.02816606	     -9.15568568
    268.00000000	      7.05000000	     -1.47825665	     -1.67862552	    -17.47237383	     -0.31171421	     13.22164479	    -62.73675531	     -7.87761027
    269.00000000	      7.06000000	     -2.27613902	     -1.75649145	    -17.04475812	     -0.76454754	     16.18855390	    -60.98141774	     -6.44263430
    270.00000000	      7.07000000	     -3.91133430	     -1.38925527	    -16.79614203	      0.26890428	     20.50456608	    -59.68384226	     -4.70525691
    271.00000000	      7.08000000	     -4.90033285	     -2.17315805	    -16.50935349	      0.21312281	     21.46260554	    -56.80242209	     -4.67255263
    272.00000000	      7.09000000	     -7.59457215	     -0.15866681	    -16.20313526	      0.44349201	     28.65100953	    -55.80712524	     -2.53989956
    273.00000000	      7.10000000	     -9.22138378	      3.11600967	    -16.18843955	      0.59407578	     34.86258805	    -53.48078898	     -0.94737531
    274.00000000	      7.11000000	    -10.26521290	      2.37858242	    -15.83876032	      0.59076020	     35.41628166	    -49.64256844	     -0.93516489
    275.00000000	      7.12000000	    -12.36743670	      3.01446828	    -15.80752091	      0.79199798	     38.26464496	    -46.44269300	     -0.09703722
    276.00000000	      7.13000000	    -13.01993249	      2.82442506	    -15.37497224	      1.21980874	     38.97145953	    -41.93306189	      0.04982457
    277.00000000	      7.14000000	    -14.14218969	      2.33216805	    -15.13517428	      1.65738036	     39.41988224	    -37.50032928	      0.31433320
    278.00000000	      7.15000000	    -14.95694737	      2.20085035	    -14.74238437	      1.97454594	     40.15148431	    -32.86389068	      0.63218386
    279.00000000	      7.16000000	    -16.05250984	      1.63199077	    -14.57401699	      2.34091695	     40.32188659	    -28.35864515	      0.88351358
    280.00000000	      7.17000000	    -16.59828706	      1.37156503	    -14.33361428	      2.54990172	     40.46994383	    -23.72354047	      1.01975241
    281.00000000	      7.18000000	    -17.31934439	      0.85607575	    -14.39588692	      2.98727502	     40.22127870	    -19.43498095	      1.15944758
    282.00000000	      7.19000000	    -18.03816452	      0.52019500	    -14.67259967	      2.99987425	     40.12428988	    -15.65765473	      1.17077333
    283.00000000	      7.20000000	    -18.30842579	      0.24874762	    -14.98088875	      3.63281120	     39.90570754	    -12.35585923	      1.22305237
    284.00000000	      7.21000000	    -18.78784231	     -0.06996063	    -15.36686617	      4.09861684	     40.10715147	    -10.18005136	      1.26623660
    285.00000000	      7.22000000	    -18.96204168	     -0.34511053	    -16.13108055	      4.08800072	     40.09085282	     -9.01364787	      1.26638320
    286.00000000	      7.23000000	    -18.94043617	     -0.60804424	    -17.08852342	      4.11503322	     40.15714227	     -8.94290580	      1.26804706
    287.00000000	      7.24000000	    -18.75475638	     -0.88989080	    -18.18070680	      4.14806855	     40.27397297	     -9.84523802	      1.27277062
    288.00000000	      7.25000000	    -18.44971326	     -1.19123613	    -19.36742080	      4.18199961	     40.41762790	    -11.47676028	      1.28284218
    289.00000000	      7.26000000	    -18.38149480	     -1.76328526	    -20.55778657	      4.24970738	     40.55139662	    -13.64170610	      1.40224340
    290.00000000	      7.27000000	    -17.55222394	     -2.66724768	    -20.76255048	      2.78331541	     40.67180407	    -15.47138090	      1.59676605
    291.00000000	      7.28000000	    -15.98380622	     -4.94805315	    -19.81755941	      0.90168441	     39.75215638	    -16.63842745	      1.52048154
    292.00000000	      7.29000000	    -15.97392864	     -4.19805550	    -22.73987104	      0.40367557	     39.62800360	    -18.22470493	      1.26130618
    293.00000000	      7.30000000	    -16.06911526	     -1.96981637	    -28.11254622	      0.50647266	     38.63548247	    -19.48121013	      0.05449190
    294.00000000	      7.31000000	    -15.36426578	     -0.54350780	    -31.44911703	     -1.57495800	     38.24510953	    -20.34061610	     -0.26157183
    295.00000000	      7.32000000	    -14.69630555	     -0.11204053	    -33.19099837	     -5.70828456	     38.18186539	    -21.35608954	     -0.74302589
    296.00000000	      7.33000000	    -10.72522007	      3.34369331	    -38.25424392	     -7.79299996	     36.18562344	    -21.13657866	     -3.43676626
    297.00000000	      7.34000000	     -9.21633699	      5.18326007	    -41.86897998	    -11.86382556	     35.88598849	    -22.49976100	     -3.48529717
    298.00000000	      7.35000000	     -5.35824010	      6.47392729	    -44.61314741	    -16.24620040	     33.87255430	    -22.37928782	     -3.42687819
    299.00000000	      7.36000000	     -2.17050288	      7.63593015	    -47.63570464	    -20.72873147	     31.76642273	    -22.50531977	     -3.21185720
    300.00000000	      7.37000000	      0.71109859	      8.33716763	    -50.42793733	    -25.08256219	     29.24914015	    -22.34403768	     -2.76106333
    301.00000000	      7.38000000	      3.15249210	      8.83330207	    -53.25296476	    -29.35408174	     26.31584551	    -21.95562762	     -2.10903171
    302.00000000	      7.39000000	      4.75255074	      9.16658777	    -56.18114552	    -34.15540851	     23.67008175	    -21.87708209	     -1.41215122
    303.00000000	      7.40000000	      6.42394770	      9.76573095	    -59.17466967	    -39.66438857	     21.20982830	    -21.67899409	     -0.41884179
    304.00000000	      7.41000000	      7.48541868	      9.87678730	    -62.00675064	    -48.11304442	     19.13791465	    -21.88276789	      0.77468896
    305.00000000	      7.42000000	      7.92361246	     13.02673798	    -66.22564645	    -38.12736938	     13.32693389	    -19.61948880	      2.12401190
    306.00000000	      7.43000000	     10.46458564	     22.85292433	    -72.31945571	    -28.17209100	     12.34208353	    -18.26068095	      2.45811131
    307.00000000	      7.44000000	     11.27343862	     23.67531119	    -73.57831419	    -26.52953111	     12.04031288	    -17.74570473	      2.60591683
    308.00000000	      7.45000000	     11.92916920	     24.74200253	    -74.45133045	    -25.06420601	     11.34239936	    -16.74691972	      2.65268385
    309.00000000	      7.46000000	     12.23110076	     25.76757651	    -75.16767840	    -23.00128715	     10.41718487	    -15.83393473	      2.72773666
    310.00000000	      7.47000000	     12.48727233	     26.73910846	    -75.23844251	    -21.04115847	      9.37615988	    -14.52293850	      3.19698514
    311.00000000	      7.48000000	     12.79506783	     27.90817410	    -75.28782448	    -19.83728756	      8.29991824	    -13.26109410	      3.20059627
    312.00000000	      7.49000000	     12.95412272	     28.80317273	    -75.25746771	    -18.03328234	      6.78878846	    -11.97766640	      3.24263435
    313.00000000	      7.50000000	     13.25146143	     29.84415421	    -74.80080097	    -17.37165181	      5.60815420	    -10.64733559	      3.26202097
    314.00000000	      7.51000000	     13.50634255	     30.71298858	    -74.29966154	    -16.06256876	      4.31160869	     -9.56575695	      3.29338158
    315.00000000	      7.52000000	     13.86117465	     31.51760596	    -73.72222279	    -14.84494048	      3.09467971	     -8.84291466	      3.32961024
    316.00000000	      7.53000000	     14.33420164	     32.30211742	    -72.91303498	    -13.56205066	      2.00608047	     -8.34863783	      3.37517551
    317.00000000	      7.54000000	     14.94166917	     33.03999880	    -71.87219886	    -11.98057561	      1.00604796	     -8.11024907	      3.44523326
    318.00000000	      7.55000000	     15.68864151	     33.75674971	    -70.50166864	    -10.33883289	      0.12504401	     -8.07578408	      3.56106334
    319.00000000	      7.56000000	     16.55713696	     34.45362658	    -68.75070088	     -8.90845393	     -0.65346855	     -8.20045752	      3.74503871
    320.00000000	      7.57000000	     17.39063147	     35.04557692	    -66.50421787	     -7.70664955	     -1.40931501	     -8.33336543	      4.02451208
    321.00000000	      7.58000000	     17.83795109	     35.25761486	    -63.35526437	     -7.38928837	     -2.09601361	     -8.53535399	      4.66424302
    322.00000000	      7.59000000	     18.58837277	     35.55086987	    -60.73461212	     -6.58636777	     -3.44373527	     -8.21144602	      4.69992225
    323.00000000	      7.60000000	     19.32374308	     35.32155780	    -57.28385784	     -6.15750391	     -4.49725755	     -8.82230660	      5.02309535
    324.00000000	      7.61000000	     18.68853171	     33.63171210	    -52.32468668	     -5.83243663	     -5.88109222	     -9.30163910	      5.72721691
    325.00000000	      7.62000000	     19.54375716	     33.65323460	    -48.87202439	     -5.39797694	     -7.22774040	     -9.09707389	      5.72926575
    326.00000000	      7.63000000	     20.79021108	     33.77587015	    -45.42452773	     -5.46364765	     -8.53605737	     -9.10195485	      5.83860177
    327.00000000	      7.64000000	     20.53445837	     30.50386373	    -38.49573571	     -4.38806032	     -6.97245370	    -13.16042721	      6.69014871
    328.00000000	      7.65000000	     21.65822307	     30.74464192	    -34.24997396	     -4.69065320	     -7.35582164	    -13.57647014	      6.70522489
    329.00000000	      7.66000000	     24.05415245	     31.97241267	    -30.74074636	     -3.96488794	     -7.02630923	    -14.85853631	      7.03917258
    330.00000000	      7.67000000	     25.21289688	     32.20128181	    -26.59504180	     -3.00604267	     -7.67161501	    -15.05043970	      7.16696254
    331.00000000	      7.68000000	     26.18036311	     32.44989857	    -22.52849683	     -2.91599924	     -8.26261634	    -15.14640627	      7.17722596
    332.00000000	      7.69000000	     26.88179138	     32.55341832	    -18.59627391	     -2.23203071	     -8.69038675	    -15.37365007	      7.38631896
    333.00000000	      7.70000000	     27.63986711	     32.72155766	    -15.21771159	     -2.14244818	     -9.22590505	    -15.65369057	      7.40253751
    334.00000000	      7.71000000	     28.15701276	     32.72941963	    -12.27377629	     -1.49765065	     -9.77350111	    -16.01199044	      7.70280250
    335.00000000	      7.72000000	     28.67083214	     32.91141825	    -10.04714562	     -1.45252681	    -10.29226857	    -16.44929570	      7.72194376
    336.00000000	      7.73000000	     29.04834701	     33.11363631	     -8.53236843	     -1.40304741	    -10.81628640	    -16.95997576	      7.74403441
    337.00000000	      7.74000000	     29.27631007	     33.31929857	     -7.77595133	     -1.35120149	    -11.33052861	    -17.57966410	      7.76959583
    338.00000000	      7.75000000	     29.10683436	     32.96141199	     -7.59863705	     -1.90750564	    -12.18759227	    -18.23846448	      9.54921470
    339.00000000	      7.76000000	     29.01149622	     33.14964782	     -8.30928309	     -1.90780762	    -12.59758674	    -19.14593640	      9.55662464
    340.00000000	      7.77000000	     28.98840466	     33.26691421	     -9.70306134	     -2.70920138	    -13.04603813	    -20.33410905	      9.64580974
    341.00000000	      7.78000000	     28.63246098	     33.24579651	    -11.33122048	     -4.37766034	    -13.35650287	    -21.59402653	      9.70756862
    342.00000000	      7.79000000	     28.20098064	     33.10841871	    -13.11169710	     -6.60047544	    -13.57322855	    -23.06150266	      9.71697916
    343.00000000	      7.80000000	     27.71123822	     32.90946520	    -14.87743102	     -9.18111583	    -13.59851973	    -24.77043711	      9.64343714
    344.00000000	      7.81000000	     27.20245928	     32.68187691	    -16.57956448	    -11.76380725	    -13.33844210	    -26.82617920	      9.44603659
    345.00000000	      7.82000000	     26.66012037	     32.48989475	    -18.32533310	    -13.94505095	    -12.69612068	    -29.30384266	      9.03278796
    346.00000000	      7.83000000	     26.02513669	     32.10290572	    -20.25636356	    -14.09107084	    -11.91500027	    -32.21361289	      8.95902404
    347.00000000	      7.84000000	     25.33837077	     32.49242640	    -22.46372225	    -14.95951739	    -10.01786333	    -35.65039641	      7.56499471
    348.00000000	      7.85000000	     24.60014823	     32.81757288	    -24.74351317	    -14.53400300	     -7.38930024	    -39.86759192	      1.94253153
    349.00000000	      7.86000000	     23.34512464	     33.02690019	    -26.74446123	    -13.09299834	     -5.32120268	    -43.27726714	      0.36341129
    350.00000000	      7.87000000	     21.88732851	     33.93232165	    -27.99884707	    -12.42523076	     -2.56654711	    -45.99142723	     -3.62078164
    351.00000000	      7.88000000	     21.45970662	     33.68485940	    -28.88176057	    -12.33898486	     -1.96131641	    -47.63493071	     -3.63451953
    352.00000000	      7.89000000	     21.18753729	     33.89732559	    -29.02042603	    -11.42875398	     -1.53592125	    -47.93654314	     -3.78135539
